59
67
2
39
96
37
54
11
48
81
78
91
56
3
39
53
34
8
92
70
39
89
41
95
72
4
13
72
1
66
92
92
29
34
94
36
88
24
23
65
38
58
32
75
85
53
11
66
87
56
21
99
75
5
59
1
80
68
99
58
6
77
50
84
49
46
82
56
68
21
28
20
91
44
4
7
42
75
84
76
80
8
81
62
56
50
63
13
90
72
76
7
61
13
6
43
28
22
94
43
33
52
2
76
68
86
77
37
55
93
6
78
18
65
28
20
77
20
67
82
23
41
69
30
48
91
50
90
94
48
30
8
59
62
48
91
75
52
38
2
74
20
16
82
34
51
39
35
51
51
90
72
26
25
80
8
66
11
46
46
57
84
73
84
30
3
30
27
89
85
69
76
77
10
48
89
17
6
69
49
16
73
6
72
75
92
10
93
67
64
30
79
80
95
98
31
40
6
49
64
91
90
37
98
53
37
77
46
58
39
54
59
50
8
21
30
76
90
31
77
68
2
27
98
89
97
43
60
21
29
7
8
89
18
76
65
17
79
43
77
86
17
55
95
58
42
74
62
31
66
5
43
88
48
16
54
96
14
39
16
69
23
80
83
78
31
29
29
31
54
82
31
60
57
14
13
38
75
24
8
12
91
76
54
13
83
11
61
94
85
49
15
82
87
10
2
82
6
58
43
13
53
98
32
47
91
44
53
62
88
87
40
64
27
60
23
78
93
19
69
14
96
92
80
99
29
11
87
58
45
99
53
57
10
67
63
24
67
18
71
99
13
25
18
76
9
88
21
34
70
54
76
40
95
96
55
72
80
30
83
10
19
43
20
63
28
6
61
7
36
51
24
91
37
2
12
21
18
11
83
80
11
89
85
70
1
41
77
10
37
69
57
81
67
45
2
14
39
24
21
89
66
89
45
9
78
85
66
4
12
27
99
30
89
30
52
66
94
16
56
71
28
39
63
81
95
53
30
34
53
35
5
81
2
89
35
88
63
54
43
34
59
5
71
37
9
3
54
14
77
76
84
93
94
4
29
56
43
27
94
55
31
68
70
14
12
62
56
32
68
36
3
32
85
99
17
15
52
54
7
90
10
10
58
7
33
27
91
50
12
26
11
54
88
38
19
12
63
22
95