24
44
3
48
11
37
95
33
16
34
53
76
48
57
35
84
39
80
30
49
34
98
96
46
33
34
45
58
20
68
31
77
1
99
15
41
31
7
98
84
96
54
60
14
54
79
94
85
79
14
40
20
24
46
22
2
63
43
22
48
53
67
6
39
24
87
96
81
96
1
43
97
9
33
3
6
53
56
80
45
45
73
96
87
11
1
50
95
16
3
13
47
55
41
3
90
63
66
23
8
9
35
1
75
10
6
77
84
85
55
48
14
83
44
84
95
52
80
31
87
66
29
19
90
90
69
37
91
66
76
89
50
61
98
26
17
45
47
30
59
36
14
25
33
54
33
65
95
58
90
8
62
1
68
42
73
69
1
84
83
89
8
96
66
44
37
14
66
82
42
61
72
31
88
7
40
94
51
73
11
86
75
17
38
9
85
29
93
81
30
14
53
49
55
75
12
61
99
9
90
11
31
45
55
96
74
22
80
29
25
62
34
27
99
46
63
30
85
49
89
18
49
43
43
70
8
18
55
22
52
65
80
74
3
10
86
27
36
20
90
79
96
94
27
99
47
96
83
17
48
29
8
95
13
85
69
94
86
67
60
42
64
85
8
75
75
95
10
72
53
5
62
27
35
81
84
10
39
77
68
45
62
35
26
55
78
5
25
53
83
57
87
59
50
77
3
22
50
64
81
65
52
16
44
42
37
69
58
87
59
92
12
77
80
16
19
82
10
73
96
82
19
66
26
75
49
43
37
58
13
19
41
64
92
97
10
93
45
37
76
38
5
72
66
40
29
43
53
15
67
3
69
78
37
24
38
17
76
3
61
21
81
31
16
68
28
38
95
84
74
51
77
75
32
47
50
94
17
97
49
10
49
37
47
22
70
14
16
45
12
15
84
2
21
20
27
6
67
2
86
53
91
27
28
59
6
51
41
60
73
20
42
86
4
19
97
99
46
71
16
81
46
42
70
82
40
77
39
14
16
85
73
42
9
77
76
56
5
34
78
90
70
10
96
98
13
35
32
25
1
47
14
47
65
31
53
80
46
55
44
69
11
62
30
28
5
38
98
90
64
74
56
24
40
35
7
62
91
6
46
62
79
20
44
99
41
20
98
25
76
19
5
21
95
87
80
55
92
86
72
81
70
88
44
53
75
86
11
53
98
14
63
8
54
96
6
92
27
27
67
67
37
40
53
35
2
89
34
22
7
9
42
89
62
57
17
34
39
68
48
11
72
67
35
9
44
30
6
61
51
65
71
81
9
63
34
61
54
52
38
22
84
46
27
79
33
66
68
42
40
78
75
9
39
81
79
92
90
48
78
39
2
8
51
47
32
31
96
28
42
71
89
56
98
98
36
70
26
90
38
11
52
35
41
84
53
52
94
50
66
64
96
68
36
37
45
63
76
7
44
67
32
22
47
78
17
27
47
3
17
9
57
89
98
10
56
70
28
50
22
77
42
71
67
54
70
1
39
28
23
75
81
97
60
81
76
30
98
78
6
7
56
27
45
62
82
90
9
46
14
43
45
4
21
23
19
26
41
22
98
20
15
47
45
99
38
6
69
7
6
92
36
71
4
10
37
73
11
92
23
8
92
43
92
48
12
47
12
85
4
74
68
39
38
57
91
59
5
6
9
68
75
30
10
16
16
43
63
44
58
32
85
28
97
10
22
19
52
58
84
43
6
82
5
83
46
75
75
30
18
13
78
35
20
11
63
77
74
86
13
40
49
95
84
46
4
81
97
44
10
45
69
30
35
31
10
27
70
57
30
3
61
88
34
27
39
85
64
76
32
93
69
54
13
43
49
24
90
26
90
41
31
72
95
12
58
36
17
18
7
17
2
84
91
82
77
20
42
5
45
8
83
55
47
13
1
41
39
59
92
12
53
56
34
21
93
48
50
84
67
31
30
85
52
98
36
17
36
89
1
52
38
68
45
84
83
83
90
48
64
4
83
39
58
28
99
1
12
59
38
7
96
80
62
83
11
76
39
18
38
31
24
31
61
32
29
94
81
30
83
76
57
3
67
5
93
55
54
34
58
78
2
6
15
24
83
16
47
98
25
64
76
59
65
57
67
78
75
34
77
71
42
39
75
53
22
43
89
7
54
47
84
31
82
48
27
14
67
24
6
64
27
52
12
95
50
91
66
99
77
92
33
80
66
17
38
49
87
27
45
93
91
79
81
62
11
50
92
43
36
51
43
74
63
60
98
72
29
81
3
25
39
95
37
40
23
24
76
75
65
33
11
57
38
33
27
57
13
20
18
64
70
17
30
83
73
91
63
76
82
95
96
72
19
50
52
41
24
12
78
64
25
91
53
53
79
51
2
27
2
80
50
63
48
59
61
13
52
14
39
40
61
35
58
8
74
70
58
7
13
13
68
53
75
10
17
66
81
72
25
8
6
44
14
72
5
9
52
19
77
15
76
90
13
74
31
49
13
91
72
21
85
81
93
8
22
33
51
44
20
91
97
90
50
4
48
14
27
47
45
48
88
13
4
35
82
58
58
42
28
77
6
36
36
50
60
62
28
99
7
15
73
87
8
95
71
36
22
12
43
96
69
24
51
67
52
32
59
97
32
54
38
5
85
99
61
51
1
58
3
77
93
77
34
15
16
7
15
91
28
40
78
64
72
34
52
32
68
73
42
49
91
86
52
95
14
79
34
74
33
29
92
76
53
74
54
30
36
92
90
86
84
22
75
11
63
47
74
36
1
51
19
84
58
60
82
65
54
98
71
1
21
81
93
74
23
75
14
77
68
50
85
50
90
57
61
94
32
47
35
41
9
38
28
31
19
94
15
96
22
6
61
43
61
14
46
33
7
47
52
71
58
83
15
86
44
73
57
21
25
24
48
89
41
72
15
52
34
93
33
55
24
90
41
18
32
29
94
1
82
84
63
51
66
41
52
50
51
48
37
91
48
4
79
22
68
25
38
77
96
2
42
95
49
22
26
56
48
17
58
63
19
4
65
3
98
38
91
90
45
70
25
5
30
33
39
47
19
57
12
76
76
25
42
64
1
23
95
30
70
15
41
86
89
91
18
52
64
72
56
47
58
49
17
47
72
45
86
53
39
12
27
84
35
8
25
84
63
2
87
95
52
28
17
73
31
29
19
11
2
27
74
2
34
77
93
38
52
7
23
91
27
24
76
40
3
74
47
4
70
79
21
46
43
8
89
38
75
19
76
54
18
29
80
67
96
66
68
27
2
28
16
14
98
70
40
96
34
44
29
96
62
4
59
32
98
14
37
14
2
18
79
17
40
9
45
65
63
12
90
66
31
41
8
74
92
19
93
14
12
47
81
76
90
60
60
46
15
56
71
29
46
25
52
17
68
52
99
82
87
50
12
88
30
93
46
61
43
74
71
87
1
83
59
63
62
38
40
86
33
6
63
24
76
37
90
5
23
50
80
52
61
39
84
42
73
51
17
19
12
86
33
9
92
14
12
9
83
28
31
94
52
23
8
12
75
53
2
37
56
67
72
20
9
86
15
23
29
70
81
92
2
20
33
90
83
68
27
30
80
35
40
16
25
22
64
74
46
43
93
81
67
79
72
29
20
51
60
17
78
83
52
57
55
16
82
83
6
17
23
35
22
91
81
21
35
20
97
29
57
41
78
71
92
51
31
23
94
22
98
97
77
61
7
2
59
70
31
67
46
64
12
24
16
43
50
9
23
77
64
12
82
76
92
46
76
70
33
71
2
69
70
19
19
22
99
57
79
18
12
87
24
53
29
9
97
21
57
44
42
43
69
66
59
69
95
51
24
91
61
96
85
41
85
5
17
83
88
52
66
38
13
2
83
6
65
35
80
22
65
29
62
95
73
39
99
36
30
34
94
12
3
56
73
72
12
53
46
48
52
33
60
3
86
5
68
56
24
55
64
51
92
37
32
4
84
57
19
40
94
35
60
68
12
28
19
68
50
55
53
51
88
34
72
29
7
49
36
30
81
27
13
98
72
63
11
83
74
69
34
32
68
47
49
80
87
47
99
64
30
60
1
28
19
4
51
35
12
67
21
91
15
27
45
11
63
21
44
52
88
8
79
72
70
25
54
15
75
29
52
12
61
10
14
18
61
92
56
99
42
48
7
71
98
44
39
58
69
45
17
63
90
92
6
58
78
68
73
54
35
31
34
53
64
78
90
90
68
80
85
29
57
3
63
46
68
48
18
32
41
59
42
98
92
48
56
78
81
74
57
48
21
86
14
33
32
48
72
87
87
6
16
96
69
58
10
60
1
26
18
19
64
16
3
27
72
83
17
21
46
56
69
82
81
4
80
12
84
42
51
11
28
46
60
44
13
21
83
26
66
54
58
74
3
98
2
52
97
91
59
7
20
96
54
99
54
67
80
51
63
68
46
41
62
90
45
25
70
39
63
27
69
42
5
53
62
41
20
95
84
2
67
51
1
53
18
70
42
8
53
24
93
46
62
46
52
50
65
27
79
38
75
89
1
72
23
87
21
25
76
25
66
7
51
86
96
56
4
60
88
7
49
79
42
29
85
35
38
53
25
8
37
25
65
22
86
99
43
79
88
19
36
39
78
92
4
20
56
6
65
85
88
31
57
65
14
27
82
79
73
29
60
14
56
8
82
57
56
76
83
13
26
13
34
43
61
25
47
79
88
39
88
7
15
26
32
38
57
29
99
64
74
86
46
27
99
22
56
42
91
64
61
78
33
46
40
26
26
21
63
78
12
88
6
29
8
14
47
91
69
83
14
2
95
33
2
29
58
52
27
87
81
91
75
6
49
32
49
49
44
96
16
86
30
95
7
99
9
36
51
16
58
44
19
56
86
38
66
18
86
15
74
75
18
46
31
8
51
31
80
22
89
95
54
84
84
4
33
38
42
23
1
86
72
60
76
20
96
63
65
36
8
57
60
88
72
33
80
15
94
58
79
94
27
92
24
94
13
96
54
54
96
81
51
9
69
14
5
60
87
11
34
40
5
21
73
52
90
8
18
99
70
40
21
20
31
71
56
77
90
55
57
98
95
84
88
18
96
13
72
48
95
81
3
33
81
41
5
75
55
92
82
7
53
99
84
57
9
78
3
18
42
83
50
40
51
77
97
11
8
32
85
25
30
56
97
65
71
39
36
87
18
47
48
47
55
36
84
89
39
98
84
72
30
38
15
87
90
5
45
32
61
49
82
24
43
1
46
90
31
26
24
29
67
93
22
3
18
95
12
16
24
57
44
77
34
20
15
98
11
92
73
87
79
50
28
92
41
3
27
71
5
83
4
14
19
61
61
8
83
33
33
20
13
90
54
93
88
90
9
84
10
35
23
33
85
84
26
89
14
49
91
64
29
35
17
86
29
10
71
94
86
94
61
22
73
12
72
33
89
68
32
19
39
96
2
26
31
31
5
44
63
25
95
36
80
9
44
74
11
6
31
69
82
17
83
89
53
34
39
61
21
64
3
80
5
85
95
47
11
84
36
54
23
96
45
40
54
70
50
5
64
45
69
5
25
33
81
56
7
90
23
92
31
3
10
20
67
71
50
95
33
53
22
46
45
49
8
40
47
71
61
20
34
52
64
66
80
84
89
20
2
20
16
3
22
41
41
63
21
71
59
98
13
25
37
57
99
37
98
9
48
96
42
14
4
43
82
24
4
23
31
12
44
75
35
65
47
63
93
81
49
95
56
81
76
93
74
31
59
93
39
43
10
38
81
66
51
30
64
20
55
14
7
7
34
80
17
15
1
51
13
41
30
89
2
1
13
72
65
46
22
21
66
47
43
32
66
36
26
92
2
90
13
85
59
19
27
53
54
58
94
96
71
36
54
20
47
82
42
34
86
9
22
26
18
7
10
95
38
76
21
33
8
60
80
77
83
14
95
9
38
51
51
67
44
34
97
75
36
24
2
33
11
16
4
93
51
15
10
20
7
76
96
26
88
98
34
64
89
14
13
29
95
79
29
86
34
89
56
40
86
95
79
23
67
14
95
47
31
60
27
9
15
16
55
17
9
39
70
47
57
61
83
28
32
56
90
36
89
51
4
79
55
53
52
80
30
30
32
56
73
73
40
52
79
99
8
34
42
63
5
64
2
48
63
3
58
20
93
30
42
45
9
57
6
90
76
24
59
65
39
28
2
64
89
80
56
94
57
60
58
74
71
39
20
14
66
30
45
91
81
92
54
33
5
54
12
34
65
39
38
50
37
97
46
95
79
56
41
57
87
37
83
38
39
66
22
41
4
36
49
9
49
4
99
58
85
35
5
65
77
43
80
4
75
6
71
82
99
32
27
80
60
93
83
76
42
67
53
9
46
48
54
52
58
40
53
99
74
73
52
7
67
45
67
1
81
90
25
46
20
91
18
20
89
86
69
18
47
8
80
47
50
93
83
59
39
76
24
23
89
71
86
80
32
54
82
79
36
14
88
25
62
39
20
31
37
91
31
22
4
25
11
99
38
39
45
8
11
59
72
30
28
50
35
6
64
21
35
25
23
55
89
54
82
39
26
77
90
66
94
30
91
92
85
81
50
47
86
74
97
39
88
49
48
66
41
8
32
9
76
84
94
72
85
66
95
39
54
74
95
87
56
84
36
16
17
17
3
62
94
2
53
77
90
95
48
88
20
12
68
36
90
94
42
54
1
50
20
71
91
58
70
6
94
67
29
67
80
73
79
65
8
68
45
47
90
85
30
28
32
69
10
8
12
3
14
12
41
57
47
17
95
32
99
98
79
24
49
51
23
8
82
75
52
66
41
59
19
47
84
9
20
96
17
14
47
27
32
33
34
14
87
75
30
73
6
23
26
60
79
33
15
51
99
7
73
25
95
94
57
74
3
70
92
6
73
97
9
84
70
87
5
64
45
77
28
96
87
74
77
45
81
9
88
63
30
10
40
96
3
72
83
35
75
53
74
93
96
69
9
11
93
36
54
74
39
4
1
32
59
29
37
15
70
21
63
58
35
21
68
26
28
52
11
95
30
56
25
96
75
91
53
50
59
84
17
82
86
86
86
43
55
39
95
91
94
27
51
81
36
65
75
48
18
88
56
13
4
78
92
1
99
41
76
99
32
25
34
13
59
14
55
37
36
34
74
45
18
41
42
10
70
92
37
30
81
79
32
10
30
35
54
53
64
58
65
14
71
53
40
66
24
89
65
33
37
39
82
21
23
67
96
58
61
48
83
26
71
36
87
23
57
92
61
34
49
67
85
17
98
81
17
7
57
80
74
17
9
98
56
59
41
20
11
23
81
68
43
24
11
2
68
10
3
67
70
35
90
52
72
65
9
16
54
46
9
82
66
17
35
50
9
21
50
5
9
1
80
9
18
69
73
93
77
21
22
34
7
73
99
46
89
31
40
41
47
28
78
72
12
32
19
63
4
92
66
82
19
45
68
72
99
60
69
61
57
47
35
87
7
44
20
70
18
44
59
41
97
13
54
55
28
22
69
94
80
42
50
18
6
68
31
82
18
44
18
55
67
70
55
52
63
64
57
15
89
77
38
23
97
21
75
88
35
50
38
47
68
52
43
15
78
55
55
37
45
44
99
26
80
7
66
66
67
92
54
14
97
84
74
3
79
13
51
17
1
20
18
44
66
13
45
97
80
33
99
75
54
24
78
75
2
16
22
21
60
16
59
65
89
28
85
99
53
11
13
88
34
48
28
69
4
3
30
51
69
34
36
7
44
77
43
72
91
47
8
30
11
22
78
35
26
3
20
4
32
75
5
75
51
5
21
33
29
21
88
30
63
9
47
53
14
47
53
61
81
59
8
22
13
1
52
59
3
81
44
48
71
24
91
97
80
87
40
20
72
48
22
3
60
17
76
62
9
30
39
76
4
81
6
49
95
10
78
81
96
60
98
92
8
41
18
15
98
66
30
85
38
47
89
22
32
42
88
50
15
22
94
25
44
24
3
44
34
85
13
18
80
49
68
87
30
95
81
12
68
15
83
98
56
72
94
44
17
30
67
51
93
7
38
84
83
5
40
38
86
56
98
39
25
53
84
30
53
80
28
54
57
97
41
48
89
35
29
86
10
93
44
50
62
36
61
64
50
57
27
87
28
98
24
77
42
25
88
95
8
21
73
96
67
77
25
7
60
61
85
27
93
65
6
95
52
22
10
73
73
78
23
95
78
24
27
43
84
77
13
89
3
70
41
78
28
51
22
20
71
11
29
60
89
1
83
83
7
49
22
11
32
7
89
25
78
95
27
73
68
39
72
72
93
43
3
60
45
51
40
16
93
64
29
45
95
94
11
8
77
99
90
53
81
1
14
16
23
74
66
85
81
73
95
29
68
15
20
32
34
86
60
88
35
96
14
65
8
23
41
59
74
79
89
2
30
32
6
57
75
72
19
19
32
84
21
87
47
79
21
61
35
80
99
39
84
88
38
34
47
5
21
62
80
77
90
85
50
25
81
8
7
68
92
16
89
98
77
22
84
83
50
9
15
50
25
78
38
17
89
85
31
89
62
28
98
55
71
67
85
21
55
36
87
9
85
9
41
58
9
98
78
2
73
35
70
80
81
9
38
83
88
25
56
41
39
31
99
41
49
32
89
29
17
36
91
85
78
76
22
5
33
5
36
96
88
78
15
30
20
14
89
6
36
3
90
48
18
66
73
2
8
57
56
71
32
3
96
13
41
16
99
77
39
87
22
53
48
54
72
84
83
58
38
75
83
48
61
7
80
82
25
47
22
95
90
78
4
20
11
24
17
28
94
41
19
22
37
26
53
16
42
17
12
27
21
1
24
14
36
43
71
34
79
48
1
69
15
56
56
83
50
9
17
15
5
91
74
55
99
34
22
46
32
98
77
74
15
84
35
31
24
44
50
88
53
48
25
26
49
92
23
16
67
22
74
19
18
98
50
95
38
38
93
23
81
31
6
28
38
41
29
65
63
66
37
69
57
74
39
25
41
95
81
4
74
33
80
20
8
46
16
13
76
61
6
5
41
74
77
83
82
29
34
32
11
77
14
19
97
87
62
30
65
15
93
95
86
32
43
51
60
29
63
73
74
36
23
68
94
60
59
51
44
90
72
22
3
42
44
54
70
18
48
62
44
33
80
60
86
44
48
3
81
88
77
10
32
18
45
82
36
34
74
95
9
10
32
96
95
93
13
39
59
2
72
8
63
39
70
54
8
81
78
4
8
57
40
15
6
12
58
65
75
19
63
47
86
26
30
42
59
39
3
32
64
39
94
91
73
77
1
40
16
94
35
65
94
18
17
33
97
98
91
18
73
15
43
89
62
27
48
87
6
77
28
55
43
95
74
76
31
79
62
50
68
10
58
68
13
90
34
68
12
90
13
58
2
25
17
35
2
78
50
98
12
31
39
87
93
23
19
11
59
47
69
88
39
3
13
94
12
55
91
42
90
75
14
27
2
37
17
97
11
59
46
52
5
47
37
76
10
60
72
89
62
11
10
78
10
48
8
96
89
40
73
93
46
50
52
89
47
70
40
89
87
37
9
17
95
35
7
55
33
29
86
65
45
33
78
28
86
29
23
72
82
15
35
45
19
40
48
75
63
96
78
94
13
81
49
62
14
1
67
86
23
40
22
48
59
67
13
20
20
20
26
68
24
62
95
43
10
35
65
11
58
81
79
25
28
76
83
6
97
2
18
74
42
35
67
14
87
74
49
60
90
60
59
67
6
83
73
2
59
14
74
43
58
5
32
94
31
79
26
71
12
1
17
43
67
27
58
58
96
86
80
86
63
71
87
96
15
56
57
28
50
85
98
98
9
14
87
20
57
82
58
63
3
27
61
19
75
34
91
86
51
96
99
90
80
86
80
30
59
2
90
62
63
80
87
69
59
1
54
32
11
61
31
91
79
54
54
45
82
62
17
92
39
75
24
28
30
71
24
82
58
58
44
32
68
70
27
59
15
9
71
93
88
98
41
76
84
91
17
17
53
87
16
23
54
22
6
67
53
15
46
51
53
48
46
78
52
34
82
91
86
83
92
28
31
5
31
47
53
96
98
45
82
18
98
29
97
36
78
63
69
44
31
8
10
18
13
4
39
13
94
23
81
90
24
60
68
12
14
18
44
73
46
35
17
90
52
5
45
48
43
69
82
5
39
85
47
95
36
97
37
2
42
47
9
29
38
14
61
41
22
44
9
99
73
93
77
52
1
70
28
12
34
62
3
42
97
3
20
64
23
21
68
44
27
30
84
71
35
45
45
99
34
8
75
96
89
52
38
83
86
88
77
31
33
89
32
74
98
50
81
5
37
95
71
35
23
32
49
7
43
29
32
44
95
71
6
39
5
68
45
46
3
22
31
90
72
27
21
52
69
81
46
76
69
97
71
26
78
99
22
78
3
16
49
86
21
69
6
7
44
36
89
58
33
77
11
51
61
61
53
47
90
24
10
46
60
51
47
64
41
56
86
58
8
80
39
3
27
58
26
58
53
35
38
67
18
64
78
18
68
88
78
21
53
86
46
64
49
76
68
30
41
18
9
11
92
90
62
94
40
33
55
73
97
76
6
24
9
64
67
28
77
40
92
75
61
20
58
44
92
30
99
35
81
24
89
32
60
41
30
93
12
62
83
4
8
18
82
59
1
13
92
24
84
24
72
9
77
75
74
8
49
59
69
86
84
5
59
60
96
92
19
88
54
59
1
56
81
3
58
22
46
51
61
30
14
36
7
68
25
24
43
15
28
62
52
26
45
87
6
36
70
13
8
70
28
30
60
51
21
29
50
9
88
22
94
11
12
63
23
33
92
6
98
74
75
92
84
85
95
69
46
77
1
40
36
98
25
40
24
23
46
83
27
90
39
48
36
9
23
74
62
82
19
38
94
80
36
80
5
14
32
29
73
73
9
94
96
47
70
77
13
89
86
52
68
47
76
96
49
89
80
71
99
46
75
90
84
99
57
54
62
41
6
83
43
84
94
49
33
32
65
61
62
36
50
79
52
13
44
60
26
4
34
37
47
7
50
13
38
6
20
79
38
39
52
31
46
50
26
38
38
54
47
61
65
87
51
7
92
52
87
21
95
15
94
76
2
67
45
83
26
35
72
7
69
86
40
42
78
47
1
68
67
78
38
82
61
70
47
74
75
22
7
2
26
76
52
37
77
92
25
98
65
92
3
80
58
22
54
53
8
52
65
98
42
91
91
21
58
60
86
64
58
82
89
42
62
77
6
67
76
91
27
91
60
53
60
21
94
30
51
69
98
45
66
56
81
52
53
20
44
93
29
19
74
15
95
52
50
37
69
94
8
62
78
26
29
62
85
53
27
89
3
22
42
67
23
17
4
80
49
82
58
27
29
61
43
65
28
63
87
41
13
99
92