86
8
51
38
62
27
26
24
53
61
30
41
29
2
15
34
95
44
57
24
62
26
32
5
33
21
89
17
23
16
55
36
28
14
59
56
57
65
31
39
26
11
9
13
99
90
15
4
2
75
20
71
54
79
83
26
78
34
47
73
66
95
89
23
48
41
75
5
2
80
10
85
62
89
50
82
22
9
35
49
3
30
59
88
44
55
57
67
84
65
24
65
26
71
75
51
30
4
31
52
71
52
34
42
69
94
85
51
61
73
35
44
92
48
91
26
15
65
96
88
37
70
4
81
90
9
28
6
26
76
19
28
46
62
53
11
67
54
71
80
35
88
80
88
80
14
76
66
70
68
1
98
36
50
55
89
69
79
53
74
2
48
94
98
8
42
81
69
55
44
17
57
39
12
1
21
64
12
89
90
71
54
77
10
12
49
90
65
24
34
13
26
47
52
72
55
35
69
23
6
82
31
89
20
98
2
31
29
88
93
79
16
25
75
33
72
53
28
22
26
40
82
64
23
20
88
46
58
25
76
10
26
75
3
38
47
53
39
99
61
90
21
22
95
92
44
30
85
29
40
68
58
99
90
43
95
44
18
23
63
61
89
78
55
87
81
95
4
49
58
18
91
63
23
25
51
69
32
16
97
97
89
10
58
6
87
82
1
5
22
3
33
68
77
37
88
77
33
31
59
38
14
18
51
50
99
54
50
50
3
2
12
4
85
60
25
94
47
88
59
94
55
65
62
56
47
48
49
3
21
22
82
44
88
32
11
69
47
24
33
11
18
44
83
43
13
92
48
77
27
54
27
27
13
81
18
67
65
82
14
62
63
89
44
84
13
99
69
3
47
47
20
61
92
51
14
93
29
96
52
61
35
33
11
55
43
89
1
24
89
84
28
79
25
14
90
90
55
89
21
14
30
58
70
25
88
10
93
70
63
54
51
14
3
26
77
49
43
56
42
57
68
97
96
82
10
51
4
13
29
7
71
8
22
96
42
68
9
12
34
92
45
33
42
34
33
8
1
54
83
39
33
22
90
84
78
92
4
14
67
31
11
25
5
29
55
75
22
62
57
78
51
50
98
19
58
64
40
16
9
61
45
93
39
66
73
94
59
88
7
22
30
75
79
67
42
4
78
11
20
96
85
9
3
13
23
68
41
65
35
48
19
95
39
85
10
66
65
43
26
67
50
27
81
83
10
48
77
97
68
87
65
85
69
92
27
40
10
47
35
75
78
73
75
1
44
13
52
30
32
8
23
15
42
82
5
96
53
95
51
93
31
45
79
3
61
38
20
77
83
32
44
46
41
15
86
62
98
93
3
30
51
22
86
75
54
70
93
48
98
8
57
70
77
13
69
27
96
94
84
51
19
29
31
16
77
42
40
64
27
87
47
84
18
53
27
55
60
23
38
52
71
49
42
73
20
77
37
12
9
45
74
72
32
25
43
83
46
93
98
91
97
56
56
37
95
12
87
23
86
15
47
17
59
60
77
29
21
84
23
30
44
36
9
7
26
93
27
90
28
75
45
86
24
70
87
39
22
94
17
64
45
84
26
12
28
31
83
73
2
24
79
88
60
82
30
30
73
96
4
7
19
70
58
88
21
83
72
53
39
47
21
24
1
30
91
51
65
2
55
58
55
13
67
93
4
52
92
23
77
40
8
24
15
79
19
41
38
90
54
75
52
60
41
85
76
18
45
63
43
12
17
69
31
66
10
53
82
61
49
61
34
56
25
22
82
92
40
82
85
50
39
15
78
11
51
94
59
14
61
68
90
23
65
42
4
43
10
47
81
66
26
79
40
81
71
13
77
21
80
20
60
35
94
94
58
86
89
92
80
94
80
88
38
68
65
89
24
29
98
85
21
18
67
38
94
12
13
43
29
59
22
6
47
77
96
99
5
67
98
29
54
82
87
35
90
49
43
52
18
73
30
89
2
90
4
9
51
38
19
11
7
89
44
78
66
56
48
69
24
26
94
34
43
44
15
76
45
8
2
14
41
86
45
73
59
23
12
58
91
81
19
46
43
90
43
37
36
95
70
97
36
41
71
10
20
71
61
89
50
67
63
78
97
76
7
33
76
51
6
72
71
85
85
27
52
80
56
15
19
21
23
64
8
40
91
34
12
16
56
1
54
65
84
75
95
56
95
2
25
66
16
78
2
59
83
61
62
71
5
64
36
17
49
60
98
80
37
97
63
21
10
92
49
98
43
96
83
15
39
72
23
9
62
44
69
35
74
11
4
68
48
60
19
39
19
43
15
70
26